3.

,33333 33333333, 3333 he 3333 aa 3333 ,33 33 mehy nypjann 3
3333333 33333. 33 Pmy 33333 333, 33333333 3333333 3 3333-

333 33 3333333331, 3333 33 3 onor Bpxa 3333 ,33333 3333313 ,

,33 33 33 333333 3 633 33333 3333331333 33 ra 3333333.. Y
3333313333 33 3 capue, 're 3333333333 33333 33 33333, 333333
3 33333333 33 33 33333333, 333 333333 y ‘rpn 3333 3333 33333-
3333 3333 333333333333 3333333 3333 33, 33 33333 3133333333
3333333, 3333 333333333 3 3333 333 33 33333 33333 33333331·
333333 333333.

Hpsso aam'ro 333 eyrpa ,333 33333333 3333 33 33333, 3
Τὸ 3 'rora nrro 333 633 ,333 npe 333333 aa 3333 133633 Je-
3333 3333 33333 33 3333333 333333 13333 ,33333313 3 aa upo-
3333333 333333 333 333333 33 63 333333 <mo ,33 33 3313
33333 ,333 33333333. Amat Beh npssfl maon 3 3333 33 33333313
,33 he 133333 ,133333 33 3333 333 333333 33 uoxobeflot‘ ryo'ra
33 mama 3333 3633333 333 333333 Pana. 3 333333 33 333333
33333 soe name 3333333, 33133333 3733333333 ,33 he 'rom
3333 ,33 63333 3 33133. 3333 3333333333 33 ,333333 6333333
y manaofflpy 3 nomo 333 333 333 6333 3311333333 ssya*
y Bpasffiy; onpemmo 33 6p3y pyssy 333 m'ro 33 3333333-
aa 33333333 y Gomnjy.

Hpe 3333333 3333333 ,33 33 333333 333333333333 33333-
13333 3 ,33 33 3 333 3113333333. Habent> ra ἤῖῳεειο 3 33333313 y
apym'rssy 3333333 6333331333 333 3333333 3 333333 333 33 33 33-
33111333 3333333333 33333, 333333 333 33333 33333 3333333
333333333, 3 1333 333 33 y 331333 3333133333 6333 333 333333 33-
331333 333, 3333 33 3333333 ,33 333 33633 33333333333 3333
,33 03333333, 33333 3333333 333333, ’333333 3 ,33 333 y *
'ron ny'ry 33333 33 3337333333 3333333 3333333.

Ham 33 ny'r ucnpssa nmao passnnuom y3 Ρ33333· Pessy,
3 33 'mu y3 6333. y yssany 3333331 33333 33 33333 3333333333
3333, mmo neme ,333 rope onomenyTe napzrnje Pma 3 333333
33 3 33333333 ΡΜ333 Ρ333 3 143333. Π3333 mmo 3333 333

 

