9

363333 ’1636 1363 66 33 336 363336 y 1133611 36361133 , 3
636 36113 3113331361 333333 , neh 361336 36136 363 36113611 3
Ρ33633 Ρ633, 33311116 66 1133 —- a ’16 36, 336 11116 3311 3333316
311611136- 1879 1. 6336 -— 3 36 333 3611113333.

,clo 3636113 336 36 3116116 36363336 3611333336, ’16 11616636
33 66 Ty 36311 1116331133 3331113336 336 13631116 33 1163313116,
333 11336 361316 3636116 11336116 6133113 66 3333333 66 6336111
3 333333 33133, 3633 336 36 31131333 636 36 333333 Π63116
3 11333333 136 61166636 361311. Ε3636 36113 61313636 3 Oa-
116363 3 631113 333, 5 Α313613, 31163636 66 311636 Π36311633,
,36336 , 3 qumana 3 (366333, 136 33 6333 11311 3331131336 63633
31161131113133 3 3611113133 3 63116 3311 36 33661336 636 33636;

33 66 3336 36 (36611311 6633116116 3 33 66 33 3631111 31133316-
33113 6311661336.

066333 361311 3 311661113363 33113333* 3633 36 363333
3333311336 36363336 3636116 mo 66 3113111333 36 3631161333
Β333333, Β1133, Β316133, Amana 3 311. 336633 36311 66633633
11333333 3363636 3313311333, 3 ’16 36 3636116 636 36136 36-
6163336 363. 3336 Π63113163636 36111116 36 3333131361 33363 1136-
363333. Aa 36 1-6 1136363333116 11611336 3316 33 ’111336 3 33
66 6331333336 3636113 33 1133636 36113336, 36333336 3311 363333
3ΐ333333 3311663, 3116 66633633 3366113333 36311333, 3 36333333
3 6366113 3633 66 63 3633611133 63633113 33663336 3333311161
3611313 1463116 3313133. Π66363133 63663 33 36116 316 066333
6333333 Aean 33 1161 11613113 333 1461111611 3 1363311 3636-
’113333311 363611.

066333 33113 , 11116 66 3111333 ’13116 33 33111 3633331333
1366111133 3 63116 66 11311311133633 11333, 363611 66 63. 03363633
3. Π3131113113 3 3311611111 33333 63363333 1311 3116 Ty· 3113 [16-

33136 31363333 1111ιῇ63333 3361363 36333, 66331, 3333613116133
” 3 1363633 363133 1111333133 3111333. Hssueby· 636 11336 11 66-

 

 

 

 

*) Πο Hochstetter-y n. rope 3311636116 3636. erp. 376. 633 3366113333
361311 535 u. 333 [[1131111 Μ611611.

