6

⁴ 330 y 30303 33113333 33 31103, 3110 3311 331030313333130
3031130 30 'ry 'rora ,3333 311330 ’33063 3300 303033*

Πο1310 030 10 113313033110 3οὴ030 33 0303 633133 30030,

r. prnep y3 Pmossy Pony 33 01110310113113 3 33 00 11331311 .,
ya Ρ33030 131130, ,stay 330333 03 30303330 0101333 11013113 ,
311030111311 3030 330030 311333, 3030 oy 113 6330 neh naijpa ¹
3033 3330.

373 3111 0311 03, 3333013110301 33331113, 3033 110 30 3113-
130,’ 1133631130 33 13111030 31130Βο 3110 30 0333311, 3311031Γ 306110
3033310, 3 1011 3113333011 ,1033311 33 ,133 ,1113011ος- 030 3 nypy'
3033 oy 113 00 neh 03 01113301· 3330313 3333333 3110333 ‚aa
33 333113 333 1310 3330 0 311113 3033311. 33 31130 113 00
1333330 33 he 10 33 61130 3633, 3 33 ‚apyry 330311 33 3001111330,
· 33 110130 3110 ᾹΡΥΓΟ 33 6130 3οΒ 33313 011011333 1311 ape,
1310 3 y 330 03011333 113010 33 03333311 33 3013 30 ’3 1133033
10113 03013033. AM 00 3303330 33011311 ,13 oy 060 11030 31103-
30013330 6330 3000303330, 3011 00 30333330 ,13 30 „fe-21& 333-
3113033 3033 - Alnus viridis, 3 „Mypa“ 311013 60113 Pinus
Peuce, 3031 30 1113306311 0331130 33 Πο113010111, 3303330
333 0311311 33 3063330 03 Roma, 3 J 3333 3110 30303330 103.
333130 33 Hepnmy.

Apyrora ,1333 0331133110, 303110 30 3110110 6330 3113331130
303110 33 00 30330110 33 3113 Ρ333· 3 Tora 11333 00 110013
11330 3113113110 11 10 03113 333 3333013113 0111110 3000, 3033 00
03, «10301301 Bpxa nanacfflpy enymwa, 3 3033 03 ,apyron 300011
1310 33 33333 1030 01103333 63003 y 3011 00 0311313333 3330113
3033 Υ. ,011131333331 10311. ’

3601 303330 330330 61133 *⁴* 3 3031110013 110013, 33333310
333 33 10 3110 0110 11103011 10 030 10 030 3133133333, 33

 

* Y 3033 ,03303330 60313903310 0333103310 Pmbcnaro 1133301393·Ξ
03 3011011033113 Heoou‘ra 01033 0111. 118 33 ‘ry 313311 030 400 313311 03 30333
cy 3033 aaaytyepn a 3033 1131133311.

** Πο Hostetter 33 musy 3000 11.

 

