0-

11

Π110 01 1100030 FridriohstaL Frivaldsky, Grisebach 0 J anka
1 1110000000 ,10001000 Β11011000 0111011000 , 10 01 00110 10
11110110111101011 1 0003011 00000110 00011 1100030 0000101010 0 10
je Behnflon 1100011000 0 1 00000011 110111 Boissieraa* 10010 00
0001101100, V 100010, 6001 00110, 101010110000.

Eme 0011 1 0000101 1131101000 1 00010001000011 110111 0 ·
10 000 1010 01, 11030010 0001100110, 00 110001100010110 1110 01 00-
11000, 0 ᾹΡΥΙῸ, 0000 11110 110100 0030010, 0010011οο 0011 000000
000 0011 nx 01100110100 0000100110 0030 01 110 00 000 001110600
0000110.

,710001100οΤ0 1 000001 1100011000 00000011 01 001110000Ηο
110010 ,11110 1100 61111000 0000, 0030 110311003031 001111 3011101 011,
1311011000. 000 00 0000 010111 00 Humana 00 1100000 011 01-
00001· 110010 0 3001101131 00 00 0000111 Β111010011 Ἶ110011 0 00 3111
0111001οΡ011. 000 0011 110010 06011100 1 1103110001οΜ 0110000000
11011030, 00300010 000 01, 10000 01 01011130 Ηο111000000, 1101101000,
0 Β11000100 01100010 0116030. Μο010 110100 110010 0110 1 0110001
0000110011 03 1011110111100010 Β1Γο11010οε Τ110 0 1001000 000-
11000, 0011030, Βο1010 0 Ρο110. Τ110 0011 1100101100 110010 01101000
11000 1 ,1111 0 110Ρο611011 00 1111010Μο000οΜ Βο0011, Β110000,
Τ110, 00000110, 30001111 0 0111010011 1011. 1880.

’ muro 00 10110 1011000 00 100110 0061103000 6010100 110011
0011ιο 30010, 110 30 0000300010 0011010οἮ 000 500000, Ι1100 ,11110-
1011000001 Βο00, Βο10111, Ρο00, Εο001110 0 0111001011. Εο11110100
30 00110 Β1111100 Ἶ1100, 00100 101103 ,[111010110001001· Βο00, Β110000

- 0011 Τ110011 0 ΠΙ11160 Rauen 6111131 Δ,01000001 1101010000.

, ΙΠ10 0011 00 1 00010110100011 110111 000Γο 001100. 0001111000
0010000011 30300011 10 0011 100000 30 10 0110 1111110011, 110 he
00010 101110, 0030 00 03601000 6010000011 6000 0 00 1011 30-
311101 11οὤ111010 000 0110 00110 111060 0 1010 menum 110 000
11110 30 1 ,110111 30 001101 001000 61110 0110011000 0 000110. 0030
001003 010030 00000 0001 , 0 30 00010 00 01103000 00101100130.

C·

*) Ε. Boissier. Flora Orientali& Genevae et Basileae 1874—1882.

