2

1010 0000 1100010. O 1010 00010000 1100 10000 30 000] 0110010000
10, ,aa 001100 00111010 0 Βο10010 06010110 0 Ρο00, 00100110 611110
00 13000000οΟ0 Πο0101001 11010 0011 00100 111101 00 Βο1101
Bona 0 0111010οΡ0 00 00010] J’ymnoj 111000001011100 0000011100,
0 110,Ῑο je ,10 00110 11010011 ι10110011 6010000οΡ00 0011011000 —-
Fridriohstal-om, 0110 je 1834 1. 00 Βο00-0111 0110000.

Γ. Β1ι1111101· 1111001010 00 ‘raj ymon 0 110 00 01100000
17 Jyna 1111 Ηο010, 1110 ce 00110 ,101100 ,100 0011101000 0 001011
00170110 0110110 Α11-Πο1100110 1 Πο1101.

1710 Πο11010, 000110 111 01100001 00001000, 011011011οΜ0
23 J 100 1101111111 0110111110οῇ1 00 010111 Πο00001 0 000100 0110110
Βο00110, Ρο00110, Ρο1000, 13110010 0 1101000000 010100110 &Pyra
,100 11011, 15001100 00 Ιί110000 Rape. chpssa 0011 00 0110110 111000
0110301οο 10 110100110 25 Jyna ,110 00 00000110 00 Τ110 111110
· 1110 0011 600 0110 1110 1011000 1110000 0001 011011 011111011ἰο
scutata Br., 000 00 0011 101ἷο 0000110 3011110 0 0011 00-
010110 0 ι1011 00101) 0 0013011, 0 110010. Ἶο1100110 ι101100 ,100 0
001010 00 00 0111101100 0110110 00 01106110 060110110 003 13001100
0 01010000 00]· 1111011011 1111011, 011000 ,01110010 0 1101011110 110
11100011, 101000 00 011011οΛ0011 ,1011001 011 12 000000 27 1100
110000 00111 1 Πο1101.

000 01100 0011,οἲιο 00 010110] Πο00000 ,0 0 000 11110 0011
01, 0011100000οΧ 01110010Ρο 0 006000 1100000, ,10 00010 11010 jom . =
nnje 60110 1001100 ,1000 00 1301111001, 00110110 110 00000001 0111111
,10 000 1011000 1 0111010 001ιο 110 61110 001· 0000100010 aa 00110-
11000 000011οΧ 611110 0 0 1010 0110100011 011, 00110110 ,10 0011011011
Μο11011 0 130600 316 0 110 00 00011 0000010011 611111 0011100100

 

 

3100111 111001, 00111 Υο600011 (011101ιο 00 11011001 0110 01 110 “

0110 ,100 1011000 ,11110 1 11110011 Bpxy 0110110110) 11011 10-
101101000001101, 01101001 0001101011οΧ 6000101000 1001110611000.
001 00031 011101 0000101011 0 1. 1311100111 00 0110001600 110

· 1ιο 00160100 110 61110 ,10 00 1111010110 1 Ηο01 0 ,10 0110 60

0110110 ,1001011010 0111, 0000110110 Β11001. AM 00 1. 13111001)

 

 

