⁴

111, ,aa 1 1111 1011 11101110, 0111110 11111111 1 na 1111011103
1011111, 110 1110 30 61111, ona, 10011, 1 01110111, 1011100110 ,aa
0110111010 01 1111111110 111111ορ0 111- &e 110 osspmenoj 0101111)-
1131 na Ρ110 1 Βρ111011 11111110. ”

Ean, 010 1116010110 1110 0110 11101111 ,aa 111111 111 Ρ110
110611 a 1061111110 1 11011011 1110101111 na ynpassy pm-
010111 1111101111 1110110110 00 1 Α1110111 11ρο110 Β11031 1 Baa-
,1130 13 1011 1110 101131 ca Bmoma 1 11111111, a 1101110
1110110110 1110111 10101011111 110311 ara ,111 611111 10110 1 paa-
11131 1010 1110 10111 Λ11111 01 01111 1110 00 1 Ε1030110 Mope
11111131, 0111110110 1111010 ,nana 1110110 1311011111, na 10111111 1
11611111 a cy'rpa 11111, 1011111 1111 01111111, a 01 00111 Pma 11
10111 11110 1010 1110 11001*, 3110111110 00 1 1111 011011 1101
1111010101 1111113011 110110 1011110 111110 110311 1100 30 1111· 11110
1310111111, 11110 303 00 1 01011 1111011 1111110101 011011
11111110 11111111 1110110. Πο 1111111011 11011111 6110110 1111111011 ’
1 11 101111 1111111 - 11110111 1111110111) 1 1101110 1110111110
110110 na manaofflpossor 01111)οΠ1111 6110110 na· npnon 6031 111,-
11011110111 1 10011 1100111103 1001101111 1 1111110111 na 10111
11111110 Aa 00 0611111110 11011011 010111. 01011, 1110 61 Ham 111
61110111, 1 1111101111 11106110.

0111111 1111 2 Α111011 111111 nan 30 noca-0 610, 'ra 00
1113111110 1111011101011 0111011111, 11031 nac npmm 100111
01010110, 011101,οΗ 110010111011 01 01111130 6111110. Πο 1111111011
’ 1111010111 1 101110 111 0101111110 ,aa 11011110 1101101110 nana.
y manac'rflpy ,111 1101010110 1 ,aa 111 01101111 1011111110, 6110110
110 06111131 namon nouamhenn a aa 1111 61 0110101301111 01
jepomonaxa 111 111111 11011110 010 0110 1110 61 1101111 1 11111111-
011111 aa 1111110 111 Aa 10311110. Ρ113110111110 peston mana-
0111011 1111111, 111111 1 1011011, aa 1111 11011 ,11111111111 a
11133111 1 1061111111 1110 30 11ρο110 pene Bau nanaofflpa 0111111111.

 

*01 61111 Pruna (Ορβελος) 1010 00 walto 11 uanam-up 11 pena 11110
'unae 11011 ’1οι10 nan 1 0010 1101101 nora ra pena 1 01111111 1111110.

 

