3

00 110110 0101101010 011, 11111111)οΗ0 0010011110 0 00 00 28 J yna'
01100000 0111 0011030, 0000 001010 11000 0 01010000.

Y 6011030 000 01ΐο 00010 000110 110 1101110100οο 1106110
1011110 0030 he 01010 0 110010 110 000 y 1101000 1101000 011010-
0000 00011000, 0 000110 000 10 0000110 aa pynon, nobe 30
Jyaa 1. 1311110011 00 ’000300 000000 00 Βο1001, 0 0111110 1100
nobem 30 1000 0 30 y nossehoj ,1111110000 011, 1100οΧ 0011030001(
0110301010 0030 oy XTeJffl 110 00 00 Βο10010 0011011113)1 ῦο11030
0 13000000.

Βο1010 30 611110 11110 11000 1111010000 011, 0011030 00311 011,
3000110 30011000. 1111100 00 0011 00 00000110 00 011οο111000 110-
1100110 y Bnonny 011, 2330 0.* Οο110110-00101100 0111000 00300
000 00 000000 0 0 3111000 00300 0110 001000 101000 cy 10110,
000 cy 0000 0010011 01061000 06110000, 1010 00 00010 110 00
nome 00060100 00 000 0111000 110 30100. 0110011000 00 00 00-
001100 301101100ος Β11101110 011, 01111, 000 ,100 11010011, 00 00110311
0 3111000 Banna-11, 0 301011 00 00110000 110 0011, 1000 01100110
Βο10010.,Τ11 00 0300110110 3000 000 000 111010 001110, 0 0000
00 ΑΡΥο1100 60110 00110011111010 —- 0000 00010110 a Apyrn
0011010110 110 00 0030 111100 0001100 01101 0001110311 -- 001101100οο
110 00 0011011000, 0 001010 00 0110ογ00110 0 11Βο11000 110 00 00100
000 00010 10110110, 00101000 00 003 3111000 06110000 Βο10100 0

y 01100 01010000 y 0011001000 1100001011 Λρο101001100 0 011, 001111,

00000 001111 y 00110311.

Π110 0010 1010 60 00 00 0111 y Ρο110 0110011Δο 11010110
000 30 110 00 101100 0311001000, 00300 60 00 1111100 001110 00
0011000 00 00110 Pana 110 0110ὴο y Β110110011, 0 y 0000 06301111
1100001100οο 110 10 00100 110 611110 0000 011000 ’101101οΗ110Λο 0 Ry-
’000000, 1100110 011000 1111000 0610010 -- 1010 000 y paqyfl 00
01101110. Πο1010 000 00 000600 00000 11000300 0110001100 11110-
1100 110 30 0111 011000 1311000000 0 Τ1100 y flamy 0111111100οΥ,

 

 

 

* Prof. Dr. von Hochstetter. Die geolog. Verhfiltnisse ‹le-s 00111. Theiles

· der Europ. Tfirkei. Wien 1872.

1*

